http://k2apartment.com	K2APARTMENT/茨城県つくば市のセレクトショップ	セレクトショップ,つくば市,茨城県,K2APARTMENT,通販,オンラインショップ,melple,mean,hobo,Brown Brown,SERO,FIVE BROTHER,GAIJIN MADE,FIDELTY,FOB FACTORY,GRAB IN HOOLYWOOD,SONTAKU,SPINNER BAIT,STANLEY,TELLASON,NL,masterkey,JIGSAW,HINSON,OWL,nasngwam,THRIFT,WORLDWORKERS,USEFULL,TETE,ishikaleatherworks,正規取扱店,	茨城県つくば市のセレクトショップK2APARTMENT（ケーツーアパートメント）です。衣服、靴、バッグ、アクセサリー、帽子などのファッションアイテムからタオルやオーガニック石鹸、水筒などのライフスタイルアイテムをセレクト展開。、melple(メイプル)、mean(ミーン)、ソンタク（SONTAKU）、スピナーベイト（SPINNER BAIT）、フィデリティー（FIDELITY）、ワールドワーカーズ（WorldWorkerｓ）、ガイジンメイド（GAIJIN MADE）、ホーボー（hobo）、テラソン（TELLASON）、ニール（NL）、マスターキー(masterkey)、セロ（SERO）、ブラウンブラウン（BrownBrown）、エフオービーファクトリー（FOB FACTORY）、ピストレロ（PISTORELO）、FIVE BROTHER（ファイブブラザー）、ベルバシーン（velvasheen）、グラブインハリウッド（GRAB IN HOLLYWOOD）、ケンズスクラッチ（kensscratch）、ジグソウ（JIGSAW）、デニムクラフト（DENIME　CRAFT）、オウル（OWL）、ヒンソン（HINSON）、ナスングワム（NASNGWAM）、THE Funtail(ザ・ファンテイル)、スリフト（THRIFT）、ユースフル（USEFLL）、ヘルスニット（Healthknit）、当店オリジナルブランドK2APARTMENT等のブランドを取扱をしており、通販（オンラインショップ）をおこなっております。是非お気軽にご利用くださいませ。
http://pi-ka-ri.com	Pikari　outdoorshop	Pikari,Pikari outdoor-shop,ピカリ,ピカリ　アウトドアショップ	スイス製の焚き火台、picogrill（ピコグリル）や日本未発売のアウトドアグッズ、日常でもお使いになれるアウトドア用品の販売をしております。
http://sirokane-select.shop-pro.jp	ファッショントレンドを先取りする白金発信のこだわりのアイテムが揃うお店「白金セレクト」	「セレクトショップ」「白金セレクト」「こだわり,白金台」「時計」「ジュエリー」「筆記具」「アクセサリー」「ジュエリー」「てんとう虫」「ポケットチーフ」「ボールペン」「万年筆」「カフス」「馬蹄」「馬」	ファッショントレンドを先取りする白金発信のこだわりアイテムが揃うお店「白金セレクト」です。
http://boksoon.shop-pro.jp	ボクスンドガ (福順都家) ソンマッコリ	boksoon	
http://tokachi-wine.net	ワインショップ十勝｜十勝ワインの通販 [北海道池田町]	十勝ワイン,ワインショップ十勝,通販,ブランデー,チーズ,ハム,池田町	池田町ワイン城のお店「ワインショップ十勝」の十勝ワイン、ブランデー、チーズの通販サイトです。
